19
21
20
23
31
22
35
23
64
30
67
35
58
24
37
22
35
20
52
35
35
25
46
31
54
29
45
35
40
23
60
21
53
18
49
21
42
30
36
20
65
24
48
31
49
24
50
27
29
31
49
33
31
59
50
47
51
69
27
53
70
19
67
54
63
18
43
68
19
32
70
47
60
60
59
26
45
40
23
49
57
38
67
46
21
48
55
22
34
50
68
18
48
40
32
24
47
27
48
20
23
49
67
26
49
21
66
54
68
66
65
19
38
19
18
19
63
49
51
50
27
38
40
39
23
31
43
40
59
38
47
39
25
31
20
29
44
32
19
35
57
32
28
32
25
28
48
32
34
34
43
39
44
38
47
27
37
30
34
30
56
29
19
31
50
36
42
33
36
32
40
28
36
36
52
30
58
27
59
35
37
32
46
29
41
30
54
28
41
36
34
32
33
38
47
35
45
32
32
30