39
81
6
77
40
76
6
94
3
72
14
99
15
77
13
79
35
66
29
98
35
73
5
73
14
82
32
61
31
87
4
73
4
92
14
81
17
73
26
75
35
92
36
61
28
65
55
47
42
42
52
60
54
60
45
41
50
46
51
46
56
55
52
59
51
59
50
48
59
47
55
42
49
56
47
54
53
48
52
42
51
55
41
44
57
46
58
55
60
46
55
41
49
40
42
52
47
50
42
49
41
48
59
55
56
42
50
46
43
48
52
54
42
46
48
50
43
59
43
57
56
40
58
91
29
77
35
95
11
75
9
75
34
71
5
88
7
73
10
72
5
93
40
87
12
97
36
74
22
90
17
88
20
76
16
89
1
78
1
73
35
83
5
93
26
75
20
95
27
63
13
75
10
92
13
86
15
69
14
90
32
86
15
88
39
97
24
68
17
85
23
69
8
91
16
79
28
74
18
83